ΧΙ. comparatio numerorum. 743

 

 

 

 

4430 586 47126 697 4965 ¹ 190
4458 245 4713)θ 678 4922α(ααᾱ.) 695
4471 263 4715 659 49366 (aad.) 184
4474 262 4716 661 4931
4483 646 ; 471661 666 4932 ΙΙ ¹⁹⁶
4485 646 ‘⁴ 47166 167 4948 677
4489 632 4717 194 4955 762
4496 641 Ι 4722 686 4956 665
4491 4728 681 4957 669
4492 ⁶⁴³ 4732 683 4979 167
4495 644 4733 684 4989 269
4498 645 , 4734 682 5669 216
4561 631 ε’ 47426 662 5672 261
4562 634 4756 687 5673 131
45636(αᾱα.) 647 4751 685 Ι 5674 264
4565 636 4776 726. 721 2 5675 262
4566 636 4772 696 5681 268
4567 Α 642 4781 691 5682 263
4511 664 4788 693 5688 267
4521 666 47886 (aad.) 688 5166 266
45361(6αα.) 586 4789 694 5161 265
4551 669 4867 686 5127 Ι 54
4661 625 4868 689 199
4665 626 48156 (aad.) 408 5128 266
4674 431 4822 698 5184 33
⁴⁶⁷⁵ Ι 23} fissssssssssffiss ἐξ ἓξὲξ ¹32
. 4676 434 4838a2 72 Ι 5852 497
4677 99 48386 73. 74 5853 595
, 4678 169 4839 · 717 58666 (aad.) 658
4679 769 4859 114 5886 551
4681 718 4893 Ι 136 Ι 5885 575
46836 766 4894 Ι 98 5966 679
4684 699 4895 Ι 142 Ι 5961 714
4694 66 4896 137-139Ι 63426 386
4697 90 48976 186 Ι 6559 382
4698 128 48976 186 Ι 8616 Ι 722
4699 666 4898 ε 185 8617 1 665
47636 94 4899 ἱ 191 8627 Ι 616
4712 169 , 4964 , 188 Ι

 

Corpus Inscriptionum Atticarum.

 

 

 

 

 

 

 

 

 

 

11, 1170 318 111, 547 376 409
111, 16 503 111, 548 362 416
ν111, 479 - 663 111, 549 363 111, 537 411
111, 541 354 111, 556 414 412
111, 542 355 111, 551 427 413
111, 543 356 111, 554 466 111, 622 587
111, 544 347 111, 555 197 ΙΝ, 2p ,112 n. 4326 117
111, 545 357 111, 556 428 w, 2 p 113 n. 4326 118
111, 546 360 Ι

