742 ’

Ρ. Cauer Delectus Inscriptionum Graecarum ed. 2.

 

Indices.

 

c, Ι L 0. c. Ι 1. ο. Ι c. Ι L 0. Ι
130 Ι 270 Ι 365 Ι8 430 Ι 8 ἒ
299 316 428 433> 78 ζ
Classical Review.
CL R. Ι L ο. Ι cL R. L ο.
1v 1890 p.283 Ι 257 Ι 101 1898 p.274 Ι 86

 

214

2 492 316 2733 228 2751 66 Ι 4693 44 .
276 78 938 80 2737 150 3379 297 4774 112
281 8 1622 252 2738 345 ,35665 243 4850 22
304 4 2529 234 ι
Corpus Ins criptionum Graecarum.

816.Ι La Ι &La [α QLQ La

357 354 2619 161 3596 229

358 356 2620 166 3831 505

360 197 2621 134 3831α80466) 511

361 428 ¹ 2622 152 38316486566) 475

362 Ι409-413Ι 2625 154 3832 504
1188 297 2629 581 3833 507
1191 Ι 115 Ι 2737 453-455 3834 506
1564 1 316 Ι 2741 509 3835 502
1693 241 Ι 2790 500 ad384fflhnnnum 446
2139b add) 329 2852 214 39026 458
2166 2 2903f(add0 457 3957 458
21666 add) 8 2910 503 4011 548
21666 adda 4 2933 501 4017 547
2167ά addo 456 3069 326 4030 545
2254 13 3070 325 4033 543
2273 25 , 3137 229 4039 533
2276 366 · 3146 477 4085 537
2277 369 ¹ 3147 478 4151 601
2278 367 3191 514 4154 546
2279 346 3436 526 424οα 557
2280 350 3521 268 4267 570
2285 133 3527 312 42696 198
2451 112 3535 280 42696ι(αάᾶ3 552
2502 416 3536 275 426962 aaut) 554
2614 20 3541 285 4272 559 1
2617 113 3568 330 4279 561 5
2618 126 · 3595 219 4303α(αᾱάᾼ 572 1

Σ

 

 

 

 

 

 

 

 

 

 

 

 

 

 

 

 

 

