750 Indices.

Rev. 1 1. 0. Η Rev. 1. o,

      

 

xxm 1899 p. 149 n. 30 473 xxv 1901 p. 9 225
p. 275 24 p. 40 253
p. 283 n. 6 289 438
xxw 1900 p. 245 n. 11 213 Ρ· ⁸⁶ 439
p. 323 35 p. 126 n. 1 227
p. 331 253 xxvi 1902 p. 98 747
p. 332 254 p. 133 473
xxv 1901 p. 6 226

 

 

Μ. L. Strack Die Dynastie der Ptolemaeer p. 219sqq.

   

. 1 1. 0. 11 Str. 1 1.0. Η str. 1 1. o. 11 str. ι 1. O. Ι str. 1 1. 0.

1 Ι 16 ad 50 70 ¹ 82 122 109 132 139 ¹ 174
3 20 51 55 82a 121 110 131 140 168
45ι 21 52 {3 {g 84 105 113 135 141 175

 

18 85 123 114 133 142 178
6 17 53 77 86 124 118 140 143 176
13 23 54 83 87 107 119 166 144 177
15 25 56 82 88 114 120 164 145 179
17 26.27 57 89 89 92 122 134 146 180
18 29 58 87 ¹ 91 112 123 152 148 257
26 30 59 88 92 115 124 153 149 181
27 32 60 110 93 106 125 151 150 191
28 33 63 75 94 103 126 156 151 185
29 14 65 84 95 111 127 157 152 186
30 31 69 90 97 113 128 158 154 187
32 15 70 98 101 125 129 159 155 192-
34 81 72 85 102 126 130 129 157 194
35 50 73 94 137 131 167 158 195

 

36 51 74 100 103 138 132 171 159 39
38 56 76 97 139 133 169 161 143
39 54 77 99 1033 142 134 170 163 22
40 60 78 93 104 141 135 173 166 101
43 65 80 91 1 105 128 Ι 136 172 167 96
45 63 81 109 1 108 - 130 1 138 144 169 136

Sylloge inscriptionum Graecorum ed. 1.

sym} 1. ο. Η sy11.1‡ 1.0. 11 Sy11.1 1. 0. 1 Syna} 1. ο.

 

 

151 216 166 223 176 275 225 304 245 255
152 26.27 169 104 177 276 229 252 246 339
153 25 170 214 205 239 232 115 249 171
154 40 171 229 219 307 234 309 254 368
156 219 173 280 223 302 235 328 263 448
157 220 174 273 224 303 244 256 266 449
158 221 175 274

 

 

Lipsiae, typis Breitkopfli et Haertolii.

Γ»

